-6.299854516983032227e-01 -1.917631030082702637e-01 -9.429435431957244873e-02 1.317953228950500488e+00 1.030142307281494141e+00 -7.337427139282226562e-01 8.614046573638916016e-01 -2.231075525283813477e+00 9.081408977508544922e-01 -2.080706804990768433e-01 -1.979883909225463867e+00 -7.887338995933532715e-01 1.768237113952636719e+00 8.964548707008361816e-01 1.636341571807861328e+00 1.414527177810668945e+00
-5.387102812528610229e-02 1.318138599395751953e+00 -6.002402305603027344e-01 4.644731283187866211e-01 6.334984898567199707e-01 1.260108947753906250e-01 -5.533052682876586914e-01 2.149043321609497070e+00 2.223273992538452148e+00 -8.673079311847686768e-02 -1.616958498954772949e+00 -2.949242889881134033e-01 1.917907148599624634e-01 -3.850016593933105469e-01 2.383696079254150391e+00 1.281750321388244629e+00
-2.025162130594253540e-01 -3.436543643474578857e-01 -5.259134173393249512e-01 -3.539891242980957031e-01 -4.066656231880187988e-01 -2.037030160427093506e-01 1.257615238428115845e-01 -5.696392655372619629e-01 -6.898309569805860519e-03 8.911040425300598145e-01 5.332788228988647461e-01 9.934872984886169434e-01 -6.120821461081504822e-02 -1.035771846771240234e+00 -2.093399316072463989e-01 -1.191963553428649902e+00
-6.502534151077270508e-01 -1.615499734878540039e+00 9.315289258956909180e-01 -2.966515123844146729e-01 -9.351912140846252441e-01 5.324715375900268555e-01 -6.712132096290588379e-01 1.977788954973220825e-01 1.142080068588256836e+00 -5.461713075637817383e-01 -7.836636900901794434e-01 3.447896987199783325e-02 -1.697922587394714355e+00 8.853435516357421875e-01 3.057672381401062012e-01 1.011032223701477051e+00
-3.302602469921112061e-01 -1.241051316261291504e+00 -6.968325376510620117e-01 6.724866032600402832e-01 3.251208961009979248e-01 1.043490052223205566e+00 -1.587993144989013672e+00 -7.240080833435058594e-01 1.075060009956359863e+00 -1.133886814117431641e+00 1.052027642726898193e-01 4.834367036819458008e-01 1.692978858947753906e+00 6.278760433197021484e-01 -1.493097186088562012e+00 -1.111386060714721680e+00
-7.860366702079772949e-01 8.434472978115081787e-02 -4.054965972900390625e-01 -1.499896049499511719e+00 1.317857980728149414e+00 4.186821579933166504e-01 -2.714624106884002686e-01 4.440433382987976074e-01 -7.810024619102478027e-01 -7.545598596334457397e-02 -8.784235268831253052e-02 -1.009943366050720215e+00 -5.600753426551818848e-01 -2.554469406604766846e-01 -7.371336817741394043e-01 -3.145536780357360840e-01
-1.155760884284973145e+00 -3.114254213869571686e-02 2.016030550003051758e+00 1.766806840896606445e+00 -1.182348608970642090e+00 8.294852375984191895e-01 -2.003096342086791992e+00 8.055075407028198242e-01 -1.677300930023193359e+00 9.615949988365173340e-01 -3.195269778370857239e-02 -9.586420655250549316e-01 -6.049923896789550781e-01 1.319801926612854004e+00 5.709013342857360840e-01 -7.862444967031478882e-02
-7.571301460266113281e-01 -1.016706943511962891e+00 1.191191792488098145e+00 -1.402435302734375000e+00 4.442905485630035400e-01 -1.229797244071960449e+00 2.796213924884796143e-01 1.695896387100219727e+00 -1.567921787500381470e-01 1.142705917358398438e+00 6.842998266220092773e-01 -8.873086571693420410e-01 1.086027979850769043e+00 -4.689088556915521622e-03 -1.113006234169006348e+00 2.743743127211928368e-03
3.834341466426849365e-01 -1.212857842445373535e+00 -1.227383613586425781e+00 -1.362247169017791748e-01 -1.443460769951343536e-02 -8.465992286801338196e-03 -1.323755830526351929e-01 -2.046473622322082520e-01 -6.915289759635925293e-01 1.074750661849975586e+00 7.365953922271728516e-01 9.728977680206298828e-01 1.134317517280578613e+00 5.821139812469482422e-01 -2.581188082695007324e-01 -7.851578593254089355e-01
-5.850811600685119629e-01 -2.097930759191513062e-01 -6.974888592958450317e-02 3.093123435974121094e-01 -1.013532161712646484e+00 9.852950572967529297e-01 -9.813178181648254395e-01 -4.183909893035888672e-01 -3.567649722099304199e-01 -1.749902367591857910e+00 8.653334975242614746e-01 -1.816269755363464355e+00 1.943482905626296997e-01 -8.167909979820251465e-01 -1.766701638698577881e-01 -2.029608339071273804e-01
-1.901202201843261719e+00 -1.081722259521484375e+00 -6.381759643554687500e-01 3.163286447525024414e-01 -2.595571279525756836e-01 6.203662157058715820e-01 -8.187080621719360352e-01 -1.933878421783447266e+00 -8.796379566192626953e-01 -1.077614188194274902e+00 -4.779169857501983643e-01 -1.037857532501220703e+00 1.462999343872070312e+00 4.165763258934020996e-01 -2.811488807201385498e-01 -1.385632157325744629e+00
7.997199296951293945e-01 2.494539260864257812e+00 -1.383278012275695801e+00 1.984711885452270508e+00 -1.892390847206115723e+00 -7.921726703643798828e-01 -2.759132981300354004e-01 -4.798709154129028320e-01 6.734080910682678223e-01 -1.013606190681457520e+00 5.252808928489685059e-01 8.105009198188781738e-01 3.215463459491729736e-01 1.147711277008056641e+00 9.300740361213684082e-01 -8.803224563598632812e-01
-5.166815519332885742e-01 1.237109780311584473e+00 -1.915981650352478027e+00 -8.502397537231445312e-01 1.430177092552185059e-01 -1.380611419677734375e+00 -1.838025689125061035e+00 -1.189017415046691895e+00 -5.722488164901733398e-01 1.077698707580566406e+00 5.742474198341369629e-01 -7.022194862365722656e-01 -3.052735328674316406e-01 5.204231739044189453e-01 1.440148234367370605e+00 1.098121047019958496e+00
-1.526350021362304688e+00 8.269350975751876831e-02 8.246401548385620117e-01 5.019281506538391113e-01 -9.349533319473266602e-01 1.963283300399780273e+00 -4.245663583278656006e-01 -9.636027216911315918e-01 -9.052267074584960938e-01 -9.949463605880737305e-01 3.632712960243225098e-01 6.896154284477233887e-01 2.091416902840137482e-02 -2.255157679319381714e-01 -3.636960387229919434e-01 -1.117071270942687988e+00
-7.732213735580444336e-01 3.207694739103317261e-02 4.936611354351043701e-01 -6.417403817176818848e-01 1.416450142860412598e+00 -6.135410070419311523e-01 1.496588230133056641e+00 3.397988379001617432e-01 -3.704928755760192871e-01 -9.641747474670410156e-01 4.459539651870727539e-01 -1.632044792175292969e+00 2.206974267959594727e+00 -7.942442893981933594e-01 -1.464239597320556641e+00 -6.051859259605407715e-02
2.295691072940826416e-01 6.969288587570190430e-01 -8.699264526367187500e-01 8.513884544372558594e-01 3.213461935520172119e-01 -2.101342678070068359e+00 1.641893625259399414e+00 -3.545183539390563965e-01 -3.233580291271209717e-01 1.874526292085647583e-01 4.060612916946411133e-01 4.805374443531036377e-01 -8.192855715751647949e-01 1.907530575990676880e-01 9.663228392601013184e-01 8.323881030082702637e-01
-1.714876174926757812e+00 -8.671304583549499512e-01 -1.221009016036987305e+00 -2.499344497919082642e-01 -1.087540149688720703e+00 3.675550818443298340e-01 -7.407941222190856934e-01 2.448858916759490967e-01 1.637087941169738770e+00 -1.117143630981445312e+00 1.156940937042236328e+00 2.023840099573135376e-01 4.814535379409790039e-01 -7.553597688674926758e-01 3.249343931674957275e-01 -1.173161268234252930e+00
5.221914499998092651e-02 -4.014050662517547607e-01 1.801213502883911133e+00 3.068120181560516357e-01 -4.685102999210357666e-01 1.855984330177307129e+00 3.493478000164031982e-01 3.967220485210418701e-01 -5.902507901191711426e-01 -1.487423181533813477e+00 3.677152693271636963e-01 2.173971414566040039e+00 -1.186292693018913269e-01 -2.051477879285812378e-01 5.714790821075439453e-01 1.132745027542114258e+00
-3.700380623340606689e-01 -2.022243570536375046e-03 -1.916206240653991699e+00 6.668323278427124023e-01 1.321706920862197876e-01 1.189334154129028320e+00 6.815838813781738281e-01 1.031575351953506470e-01 -9.216150045394897461e-01 -1.331437826156616211e-01 4.282355308532714844e-01 -2.207229137420654297e+00 8.913744091987609863e-01 5.299623012542724609e-01 6.174292042851448059e-02 6.760482192039489746e-01
-9.233102798461914062e-01 -3.707605004310607910e-01 -2.657440900802612305e-01 -1.713879942893981934e+00 -9.083145856857299805e-01 2.216252326965332031e+00 6.899875402450561523e-01 -3.380350470542907715e-01 1.561148643493652344e+00 -1.302243709564208984e+00 7.291889190673828125e-02 3.652867972850799561e-01 9.378893971443176270e-01 -4.136898815631866455e-01 -8.928629159927368164e-01 4.678061008453369141e-01
-7.217311263084411621e-01 -2.992197513580322266e+00 -3.336072564125061035e-01 -5.323248505592346191e-01 4.909132421016693115e-01 -1.778113961219787598e+00 -1.630791425704956055e+00 3.975609540939331055e-01 -1.868904232978820801e+00 8.688009381294250488e-01 2.171873450279235840e-01 -2.942999899387359619e-01 1.986237019300460815e-01 9.498306512832641602e-01 -1.739154011011123657e-02 -9.301482439041137695e-01
4.526353627443313599e-02 -1.683881431818008423e-01 1.701560020446777344e+00 -4.287366569042205811e-02 7.279139161109924316e-01 1.028698161244392395e-01 -3.386694192886352539e-01 5.314864516258239746e-01 -6.230918690562248230e-02 1.025674939155578613e+00 5.504825115203857422e-01 8.199523687362670898e-01 6.339257955551147461e-01 -8.278211951255798340e-01 2.668870985507965088e-01 -7.190932035446166992e-01
-5.524418130517005920e-02 2.011330366134643555e+00 1.298292994499206543e+00 -4.665023088455200195e-01 -7.441838979721069336e-01 -4.724159836769104004e-01 1.316815137863159180e+00 -4.114798903465270996e-01 3.041390180587768555e-01 -1.279334187507629395e+00 -6.098266839981079102e-01 3.492680788040161133e-01 5.402215123176574707e-01 -6.018133759498596191e-01 2.419709444046020508e+00 -1.214818596839904785e+00
1.264672875404357910e-01 -5.620766282081604004e-01 -3.716872632503509521e-02 1.535895109176635742e+00 5.499724149703979492e-01 1.908595561981201172e+00 6.237354278564453125e-01 -2.778249680995941162e-01 9.457448124885559082e-01 -1.561262369155883789e+00 -7.273407578468322754e-01 3.853349015116691589e-02 -1.227048397064208984e+00 2.170370966196060181e-01 -2.289457060396671295e-02 -1.003923773765563965e+00
-3.529966473579406738e-01 -1.467384457588195801e+00 1.603757619857788086e+00 1.733739674091339111e-01 4.595097899436950684e-01 2.617843151092529297e-01 4.887025654315948486e-01 -2.133319139480590820e+00 -2.823523879051208496e-01 2.823304533958435059e-01 7.554635871201753616e-03 -3.955011367797851562e-01 -1.471403837203979492e+00 1.074904918670654297e+00 -2.453611791133880615e-01 1.397507786750793457e+00
-5.182765126228332520e-01 2.885338664054870605e-01 9.885067343711853027e-01 6.567097306251525879e-01 -1.403059482574462891e+00 -8.410918712615966797e-01 -1.559213101863861084e-01 -1.411110535264015198e-02 3.592182993888854980e-01 5.839272141456604004e-01 -8.245033025741577148e-01 1.277439951896667480e+00 1.819112896919250488e-01 -1.990392655134201050e-01 8.353633284568786621e-01 -6.043921038508415222e-02
1.215565323829650879e+00 1.036008223891258240e-01 -2.524261772632598877e-01 -6.747561693191528320e-01 -1.694695949554443359e+00 4.915966391563415527e-01 -8.681014180183410645e-01 -1.478965163230895996e+00 -4.379983842372894287e-01 1.558369845151901245e-01 -5.985273718833923340e-01 -1.018565058708190918e+00 -2.203801393508911133e+00 -6.077459454536437988e-01 -1.433235764503479004e+00 -1.750663638114929199e+00
1.344166137278079987e-02 -3.111379742622375488e-01 -9.954280257225036621e-01 4.464228153228759766e-01 2.443906307220458984e+00 -1.811531424522399902e+00 1.062371134757995605e+00 6.683647632598876953e-01 -5.615197867155075073e-02 1.725824832916259766e+00 4.601957798004150391e-01 2.318692803382873535e-01 1.047255516052246094e+00 1.584294199943542480e+00 -1.733436465263366699e+00 2.389686584472656250e+00
1.833158731460571289e+00 1.307985186576843262e+00 4.255695641040802002e-01 -1.584564447402954102e+00 -1.764949798583984375e+00 1.164066553115844727e+00 9.593340158462524414e-01 8.728761672973632812e-01 1.121538043022155762e+00 1.949211955070495605e+00 6.696938276290893555e-01 -7.907558083534240723e-01 -7.162417769432067871e-01 -3.517670929431915283e-01 5.758171677589416504e-01 -1.411793112754821777e+00
1.195744350552558899e-01 1.771728992462158203e+00 -8.045787215232849121e-01 -2.719603538513183594e+00 1.069979190826416016e+00 -7.582613825798034668e-01 -3.512456268072128296e-02 -9.509674906730651855e-01 5.718173831701278687e-02 8.883142471313476562e-01 1.308413028717041016e+00 -3.348162025213241577e-02 4.405961632728576660e-01 -2.865526676177978516e-01 -7.247052788734436035e-01 1.277142882347106934e+00
